NaI
+ NaOTs


 
 
 
Figure S5. Calculated structures of ground state (GS) and transition state (TS) for the astatination 
process following either a monomeric pathway (top) or a dimeric pathway (bottom). Atoms are 
colored as follows: green, carbon; red, oxygen; yellow, sulfur; purple, astatine . Hydrogen atoms are 
not shown. All distances are in Ã
.  
 
Table S4: Calculated coordinates of GS and TS of compounds of the study (Ar = 4-tert-butylphenyl). 
 
1. GS of Ar2I-I 
 
      Atomic                         Coordinates (Angstroms) 
      Number                        X           Y           Z 
 --------------------------------------------------------------- 
           6                 -0.489819    1.360350   -0.925802 
           6                 -1.041789    0.438275   -0.046760 
           6                 -2.076916    0.758910    0.825319 
           6                 -2.560381    2.069031    0.809289 
           6                 -2.039823    3.049695   -0.057263 
           6                 -1.001509    2.665056   -0.919852 
          53                 -0.245255   -1.583037   -0.020982 
          53                 -3.274545   -2.757869   -0.008654 
3.97 3.01
GS2 TS2 
3.33
2.17
3.50
2.54
2.99
4.08
GS1 TS1 
2.72
2.15
3.75
3.59
2.63
3.55


 
           1                  0.321670    1.098340   -1.605419 
           6                  1.833112   -0.842669    0.017350 
           6                  2.616445   -0.969033   -1.132547 
           6                  3.953780   -0.566711   -1.088363 
           6                  4.533879   -0.043671    0.083016 
           6                  3.715037    0.059491    1.220352 
           6                  2.373611   -0.340887    1.200144 
           1                  4.114466    0.454188    2.154391 
           1                  1.770090   -0.250202    2.106042 
           1                  2.202184   -1.371994   -2.059717 
           1                  4.550846   -0.667711   -1.997155 
           6                  6.012956    0.385851    0.080558 
           1                 -2.517183    0.011481    1.485406 
           1                 -3.368718    2.319538    1.499173 
           1                 -0.564700    3.379375   -1.617018 
           6                 -2.615072    4.477956   -0.032870 
           6                 -1.918603    5.404286   -1.045951 
           6                 -4.121993    4.425877   -0.377465 
           6                 -2.430104    5.077079    1.381031 
           1                 -4.549459    5.441820   -0.360692 
           1                 -4.283379    4.004309   -1.382770 
           1                 -4.688222    3.813670    0.341382 
           1                 -2.362435    6.410496   -0.989650 
           1                 -0.841415    5.506137   -0.838995 
           1                 -2.038939    5.047747   -2.081267 
           1                 -2.840420    6.099618    1.415457 
           1                 -2.947460    4.484127    2.151024 
           1                 -1.363244    5.128318    1.652397 
           6                  6.465809    0.927612    1.448461 
           6                  6.897262   -0.831882   -0.276446 
           6                  6.218522    1.497970   -0.974580 
           1                  7.274611    1.813631   -0.991672 
           1                  5.955474    1.157903   -1.988153 
           1                  5.602115    2.381631   -0.742876 
           1                  7.959938   -0.538812   -0.285698 
           1                  6.772893   -1.640675    0.461703 
           1                  6.655148   -1.239993   -1.269920 
           1                  7.526076    1.220470    1.395386 
           1                  5.891714    1.818084    1.750051 
           1                  6.371346    0.171046    2.243547 
 --------------------------------------------------------------------- 
 
 
2. TS of Ar2I-I 
  
      Atomic                         Coordinates (Angstroms) 
      Number                        X           Y           Z 
 --------------------------------------------------------------- 
           6                  1.794306    0.684838    1.240904 
           6                  1.689225    0.059631    0.015276 
           6                  1.812978    0.695665   -1.207588 
           6                  2.114059    2.063106   -1.173882 
           6                  2.263723    2.774976    0.031581 
           6                  2.097618    2.057496    1.225795 
          53                 -0.012095   -1.835664   -0.007513 
          53                  3.373111   -2.321991    0.005406 
           1                  1.675322    0.152996    2.184022 
           6                 -2.008704   -1.024196   -0.016526 
           6                 -2.652146   -0.753141    1.196566 
           6                 -3.940416   -0.218426    1.175857 
           6                 -4.611955    0.062426   -0.030762 
           6                 -3.932710   -0.218202   -1.227678 
           6                 -2.639773   -0.754323   -1.232173 
           1                 -4.404391   -0.020921   -2.190061 
           1                 -2.142250   -0.958268   -2.182212 
           1                 -2.162868   -0.957121    2.150868 
           1                 -4.427498   -0.017324    2.132312 
           6                 -6.033024    0.654080    0.002179 
           1                  1.708491    0.169659   -2.155685 
           1                  2.231069    2.571442   -2.133955 
           1                  2.198911    2.551017    2.192764 
           6                  2.591431    4.280263   -0.000106 
           6                  2.712992    4.878437    1.413228 
           6                  3.934963    4.496845   -0.734794 
           6                  1.469178    5.034783   -0.750355 
           1                  4.181831    5.570874   -0.769957 
           1                  4.756239    3.974438   -0.217979 
           1                  3.900334    4.128580   -1.771949 
           1                  2.948389    5.951899    1.340503 
           1                  1.774877    4.783593    1.982972 
           1                  3.518574    4.401956    1.994293 
           1                  1.692218    6.114028   -0.785084 
           1                  1.360171    4.683443   -1.788225 
           1                  0.498651    4.902864   -0.245145 
           6                 -6.599275    0.891552   -1.409380 
           6                 -6.974638   -0.322291    0.745693 
           6                 -6.003784    2.008730    0.748372 
           1                 -7.016292    2.443243    0.784783 
           1                 -5.649718    1.900450    1.785222 
           1                 -5.342352    2.727148    0.237632 
           1                 -7.996480    0.089873    0.781032 
           1                 -7.017551   -1.297172    0.233604 
           1                 -6.649921   -0.498573    1.782826 
           1                 -7.613472    1.313804   -1.332829 
           1                 -5.987106    1.604079   -1.984723 
           1                 -6.673301   -0.043761   -1.986588 
 --------------------------------------------------------------------- 
 
 
3. GS of (Ar2I-OTs)(Ar2I-I) 
 
 
     Atomic                         Coordinates (Angstroms) 
     Number                        X           Y           Z 
--------------------------------------------------------------- 
         53                  2.349423   -0.285384   -0.852393 
          6                  3.787164    0.995508    0.188767 
          6                  5.155992    0.789804    0.017407 
          1                  5.539411   -0.008558   -0.620563 
          6                  6.046099    1.628146    0.691654 
          1                  7.115610    1.456845    0.552284 
          6                  5.599148    2.671202    1.526469 
          6                  4.212320    2.843151    1.657735 
          1                  3.812122    3.636619    2.288748 
          6                  3.293836    2.015863    0.995288 
          1                  2.220242    2.186283    1.102074 
          6                  3.345585   -2.081771   -0.211885 
          6                  3.279430   -2.465364    1.129583 
          1                  2.734809   -1.868597    1.863444 
          6                  3.929519   -3.634102    1.526905 
          1                  3.870480   -3.920268    2.578991 
          6                  4.642101   -4.438028    0.615023 
          6                  4.677611   -4.019417   -0.724182 
          1                  5.212347   -4.603447   -1.472682 
          6                  4.035257   -2.848759   -1.147430 
          1                  4.076235   -2.557154   -2.198045 
          6                  5.339564   -5.720090    1.106232 
          6                  4.283611   -6.674350    1.711906 
          6                  6.380924   -5.351332    2.188799 
          6                  6.065682   -6.461394   -0.030728 
         53                 -2.361845   -0.259145   -0.850859 
          6                 -3.368637   -2.049200   -0.207058 
          6                 -3.307552   -2.429011    1.131797 
          1                 -2.760360   -1.834466    1.865558 
          6                 -3.967239   -3.595502    1.536488 
          1                 -3.908104   -3.872673    2.588645 
          6                 -4.681159   -4.393824    0.627898 
          6                 -4.710843   -3.976565   -0.716683 
          1                 -5.251257   -4.564978   -1.460963 
          6                 -4.063417   -2.816033   -1.144443 
          1                 -4.100246   -2.526458   -2.195767 
          6                 -3.787666    1.031968    0.193405 
          6                 -5.154721    0.844737    0.017734 
          1                 -5.546674    0.056893   -0.628111 
          6                 -6.042804    1.688270    0.698086 
          1                 -7.110239    1.525484    0.550676 
          6                 -5.586213    2.714592    1.540534 
          6                 -4.193059    2.868896    1.676359 
          1                 -3.791189    3.655369    2.318986 
          6                 -3.282726    2.041725    1.012553 
          1                 -2.207234    2.197724    1.122338 
          6                 -6.540898    3.654123    2.301215 
          6                 -6.270654    5.115224    1.871940 
          6                 -8.020556    3.334823    2.021268 
          6                 -6.292778    3.511175    3.821159 
         53                 -0.017672   -2.310465   -2.387599 
         16                  0.004026    2.641434   -0.965828 
          8                  0.006415    2.437854    0.530083 
          8                  1.264582    2.112393   -1.628406 
          8                 -1.273074    2.137960   -1.617492 
          6                  0.018716    4.425229   -1.271693 
          6                 -1.187901    5.133444   -1.279607 
          1                 -2.130485    4.600154   -1.148829 
          6                 -1.167438    6.514815   -1.469697 
          1                 -2.110930    7.067941   -1.477546 
          6                  0.042037    7.207305   -1.660362 
          6                  1.235520    6.469985   -1.660529 
          1                  2.186324    6.986216   -1.818209 
          6                  1.232363    5.084522   -1.471059 
          1                  2.161169    4.513217   -1.486899 
          6                  0.043849    8.702977   -1.863839 
          1                  1.060791    9.087228   -2.029993 
          1                 -0.574175    8.987822   -2.731656 
          1                 -0.376547    9.223580   -0.986851 
          1                 -8.660905    4.030844    2.585582 
          1                 -8.271403    3.445818    0.954368 
          1                 -8.288028    2.312749    2.333260 
          1                 -6.944600    5.800660    2.411825 
          1                 -5.236525    5.423788    2.089732 
          1                 -6.443204    5.248003    0.791576 
          1                 -6.965698    4.181544    4.380903 
          1                 -6.482889    2.478906    4.157111 
          1                 -5.258620    3.771005    4.095344 
          6                 -5.413672   -5.681767    1.047814 
          6                 -5.266491   -5.972719    2.552244 
          6                 -6.919749   -5.539259    0.725560 
          6                 -4.830483   -6.879540    0.261979 
          6                  6.623178    3.567599    2.247946 
          6                  5.946859    4.647604    3.111631 
          6                  7.507695    2.694444    3.168495 
          6                  7.513692    4.273397    1.198637 
          1                  6.717371    5.260291    3.605468 
          1                  5.321352    5.325248    2.509191 
          1                  5.316686    4.208792    3.901414 
          1                  8.255025    4.916796    1.700602 
          1                  8.065180    3.553022    0.574824 
          1                  6.909326    4.907248    0.529673 
          1                  8.249128    3.322013    3.689986 
          1                  6.898935    2.181396    3.930582 
          1                  8.058742    1.927082    2.603065 
          1                  6.547267   -7.367352    0.369357 
          1                  5.371651   -6.779266   -0.824901 
          1                  6.853758   -5.842915   -0.488891 
          1                  4.768555   -7.596512    2.072092 
          1                  3.757779   -6.218784    2.565218 
          1                  3.528766   -6.956865    0.960364 
          1                  6.886599   -6.260502    2.553437 
          1                  7.149148   -4.672934    1.783689 
          1                  5.916475   -4.857393    3.056248 
          1                 -5.348351   -7.809412    0.549106 
          1                 -4.947075   -6.754856   -0.825677 
          1                 -3.756828   -7.007085    0.475125 
          1                 -7.458180   -6.455894    1.017363 
          1                 -7.363399   -4.693389    1.275292 
          1                 -7.097547   -5.375546   -0.348566 
          1                 -5.805767   -6.899801    2.802147 
          1                 -4.213636   -6.113952    2.843834 
          1                 -5.690558   -5.166466    3.171625 
 --------------------------------------------------------------------- 
 
 
4. TS of (Ar2I-OTs)(Ar2I-I) 
 
     Atomic                        Coordinates (Angstroms) 
     Number                       X           Y           Z 
--------------------------------------------------------------- 
         53                 -2.233560   -1.786731   -1.483992 
          6                 -3.909045   -0.655163   -2.200086 
          6                 -4.903976   -1.280415   -2.959443 
          1                 -4.846245   -2.343500   -3.199985 
          6                 -5.980662   -0.519220   -3.415080 
          1                 -6.746560   -1.019450   -4.011606 
          6                 -6.097324    0.854527   -3.122972 
          6                 -5.081329    1.438181   -2.348730 
          1                 -5.125615    2.496077   -2.089906 
          6                 -3.985062    0.701587   -1.881137 
          1                 -3.216905    1.180421   -1.267276 
          6                 -2.578736   -2.235800    1.097234 
          6                 -3.333511   -3.358201    1.374240 
          1                 -3.271967   -4.275815    0.791377 
          6                 -4.176782   -3.262457    2.489945 
          1                 -4.771473   -4.144202    2.741137 
          6                 -4.263783   -2.093877    3.271246 
          6                 -3.473526   -1.000554    2.886877 
          1                 -3.512261   -0.060457    3.438366 
          6                 -2.610909   -1.040585    1.772890 
          1                 -2.049627   -0.155332    1.466828 
          6                 -5.209578   -2.053615    4.487612 
          6                 -4.794472   -3.150633    5.495613 
          6                 -6.660974   -2.309987    4.019463 
          6                 -5.169143   -0.695083    5.210621 
         53                  2.244956   -0.263645    0.375790 
          6                  3.740084   -1.700701   -0.207381 
          6                  4.102789   -1.812552   -1.548481 
          1                  3.651505   -1.176877   -2.312617 
          6                  5.067261   -2.758450   -1.914614 
          1                  5.336980   -2.826665   -2.968138 
          6                  5.672145   -3.601646   -0.967900 
          6                  5.272278   -3.460617    0.374848 
          1                  5.712402   -4.094854    1.146974 
          6                  4.314363   -2.523156    0.765222 
          1                  4.023699   -2.446271    1.814400 
          6                  3.614409    1.414510    0.177165 
          6                  4.862166    1.349706    0.787163 
          1                  5.175879    0.479717    1.366128 
          6                  5.734203    2.435918    0.638723 
          1                  6.709303    2.370749    1.120681 
          6                  5.374976    3.575599   -0.098534 
          6                  4.095195    3.590564   -0.685488 
          1                  3.769963    4.457384   -1.264745 
          6                  3.201844    2.523457   -0.558611 
          1                  2.207400    2.570624   -1.007815 
          6                  6.316508    4.781235   -0.277887 
          6                  5.644445    6.045249    0.307537 
          6                  7.666622    4.578338    0.433225 
          6                  6.588964    4.995114   -1.785303 
         53                  0.120319   -3.226639    0.694181 
         16                 -0.476963    2.322367    0.264787 
          8                 -0.005331    2.443501   -1.159544 
          8                 -1.866907    1.752759    0.407136 
          8                  0.526942    1.605920    1.169524 
          6                 -0.562218    4.006794    0.931073 
          6                 -0.588726    4.208494    2.315958 
          1                 -0.509564    3.354329    2.990379 
          6                 -0.699986    5.504567    2.817148 
          1                 -0.717190    5.660930    3.899608 
          6                 -0.784374    6.615072    1.956757 
          6                 -0.749742    6.385751    0.573876 
          1                 -0.807334    7.234308   -0.113376 
          6                 -0.637382    5.090565    0.056433 
          1                 -0.600816    4.914685   -1.019566 
          6                 -0.900763    8.011417    2.518678 
          1                 -0.980657    8.763163    1.719855 
          1                 -1.788091    8.107807    3.166574 
          1                 -0.023776    8.266197    3.137502 
          1                  8.302799    5.463293    0.275195 
          1                  7.544628    4.449015    1.520370 
          1                  8.211827    3.704987    0.041359 
          1                  6.305265    6.918768    0.182366 
          1                  4.690668    6.273658   -0.192685 
          1                  5.441414    5.922439    1.383736 
          1                  7.258946    5.858396   -1.931053 
          1                  7.072108    4.109644   -2.229225 
          1                  5.662927    5.192605   -2.347053 
          6                  6.731565   -4.653318   -1.346042 
          6                  7.039874   -4.654889   -2.854186 
          6                  8.042712   -4.353705   -0.582214 
          6                  6.216610   -6.058082   -0.953517 
          6                 -7.307899    1.648857   -3.647687 
          6                 -7.261496    3.129332   -3.228341 
          6                 -7.331078    1.583177   -5.192888 
          6                 -8.608840    1.026882   -3.087962 
          1                 -8.144392    3.653080   -3.627353 
          1                 -7.273198    3.248243   -2.133299 
          1                 -6.368068    3.640773   -3.620265 
          1                 -9.485826    1.582943   -3.458432 
          1                 -8.727089   -0.024411   -3.392909 
          1                 -8.622083    1.063425   -1.986583 
          1                 -8.195774    2.144248   -5.584108 
          1                 -6.416316    2.024377   -5.620803 
          1                 -7.411035    0.548239   -5.559894 
          1                 -5.855194   -0.715070    6.072050 
          1                 -4.162901   -0.462587    5.593963 
          1                 -5.486402    0.130689    4.554154 
          1                 -5.464443   -3.137539    6.371268 
          1                 -4.845225   -4.157081    5.051741 
          1                 -3.764017   -2.989919    5.851848 
          1                 -7.349343   -2.287861    4.880538 
          1                 -6.986467   -1.538949    3.302436 
          1                 -6.768327   -3.291479    3.531918 
          1                  6.966112   -6.822937   -1.215180 
          1                  6.021174   -6.138205    0.127014 
          1                  5.282345   -6.299623   -1.485700 
          1                  8.810348   -5.101713   -0.839903 
          1                  8.434888   -3.357963   -0.845225 
          1                  7.900342   -4.384338    0.509071 
          1                  7.800960   -5.420070   -3.073146 
          1                  6.149170   -4.892928   -3.457040 
          1                  7.437874   -3.685804   -3.194763 
 
 
5. GS of Ar2I-At 
  
 
     Atomic                         Coordinates (Angstroms) 
     Number                        X           Y           Z 
--------------------------------------------------------------- 
          6                 -1.297809    1.411423   -0.949337 
          6                 -0.480094    0.863445    0.028945 
          6                  0.141149    1.636007    1.006781 
          6                 -0.074027    3.015665    0.984194 
          6                 -0.888431    3.629553    0.012911 
          6                 -1.489955    2.799298   -0.946115 
         53                 -0.141825   -1.276825    0.026733 
         85                 -3.434907   -1.785487   -0.000658 
          1                 -1.795904    0.788327   -1.692307 
          6                  2.054773   -0.990772    0.008962 
          6                  2.698814   -0.584900   -1.162544 
          6                  4.090165   -0.476398   -1.164057 
          6                  4.862545   -0.776547   -0.023387 
          6                  4.178691   -1.192352    1.129281 
          6                  2.781287   -1.304883    1.154994 
          1                  4.725955   -1.438589    2.038987 
          1                  2.284323   -1.633155    2.070919 
          1                  2.134910   -0.347873   -2.067535 
          1                  4.579000   -0.152170   -2.085323 
          6                  6.395841   -0.643748   -0.080237 
          1                  0.781867    1.194158    1.770815 
          1                  0.411168    3.617676    1.754965 
          1                 -2.129138    3.220267   -1.721608 
          6                 -1.087792    5.156346    0.035025 
          6                 -2.012641    5.639738   -1.096560 
          6                 -1.716396    5.568922    1.386655 
          6                  0.284779    5.850640   -0.128046 
          1                 -1.862236    6.661085    1.418041 
          1                 -2.698231    5.089264    1.529047 
          1                 -1.077684    5.293382    2.240046 
          1                 -2.124434    6.733651   -1.037791 
          1                 -1.605284    5.402363   -2.092145 
          1                 -3.019902    5.200041   -1.022031 
          1                  0.159408    6.945678   -0.110835 
          1                  0.981376    5.581819    0.681129 
          1                  0.755585    5.576235   -1.085895 
          6                  7.063650   -1.014445    1.256256 
          6                  6.948963   -1.584093   -1.176699 
          6                  6.768446    0.818363   -0.420449 
          1                  7.864215    0.928988   -0.468608 
          1                  6.358411    1.132406   -1.392755 
          1                  6.388958    1.511936    0.347305 
          1                  8.046526   -1.497192   -1.232208 
          1                  6.700630   -2.635284   -0.958054 
          1                  6.544446   -1.340442   -2.171266 
          1                  8.155528   -0.903695    1.165134 
          1                  6.732488   -0.360060    2.078205 
          1                  6.860070   -2.058270    1.543383 
 --------------------------------------------------------------------- 
 
 
6. TS of Ar2I-At 
     
     Atomic                         Coordinates (Angstroms) 
     Number                        X           Y           Z 
--------------------------------------------------------------- 
          6                  1.267500    1.145977    1.240028 
          6                  1.237719    0.509986    0.014713 
          6                  1.288000    1.160146   -1.207094 
          6                  1.438902    2.551921   -1.173087 
          6                  1.509270    3.275197    0.032911 
          6                  1.419948    2.543233    1.226616 
         53                 -0.223934   -1.567774   -0.010728 
         85                  3.272089   -1.703836    0.004064 
          1                  1.203462    0.605339    2.183657 
          6                 -2.316282   -1.034580   -0.018390 
          6                 -2.993025   -0.868620    1.195314 
          6                 -4.342986   -0.517310    1.175573 
          6                 -5.044106   -0.318114   -0.030520 
          6                 -4.329683   -0.487517   -1.227919 
          6                 -2.975026   -0.839847   -1.233500 
          1                 -4.821820   -0.345893   -2.189852 
          1                 -2.451871   -0.961977   -2.183838 
          1                 -2.482347   -1.013894    2.149178 
          1                 -4.855453   -0.397052    2.132364 
          6                 -6.533753    0.069644    0.003342 
          1                  1.240336    0.627987   -2.156501 
          1                  1.500601    3.070878   -2.132632 
          1                  1.464744    3.044650    2.193800 
          6                  1.671182    4.807159    0.002229 
          6                  1.722054    5.414648    1.415860 
          6                  2.985840    5.168490   -0.727867 
          6                  0.476254    5.435380   -0.752202 
          1                  3.114931    6.262984   -0.761925 
          1                  3.857160    4.737856   -0.208385 
          1                  2.994652    4.799126   -1.765174 
          1                  1.839089    6.507408    1.343856 
          1                  0.797997    5.217682    1.982397 
          1                  2.572880    5.028783    1.999659 
          1                  0.580794    6.532478   -0.786314 
          1                  0.409760    5.074568   -1.790430 
          1                 -0.475989    5.198654   -0.250436 
          6                 -7.123554    0.244962   -1.407691 
          6                 -7.332220   -1.038455    0.729486 
          6                 -6.696052    1.404950    0.767112 
          1                 -7.759280    1.693978    0.802994 
          1                 -6.334769    1.332999    1.804611 
          1                 -6.138873    2.215192    0.269600 
          1                 -8.401602   -0.773109    0.765538 
          1                 -7.237478   -2.002690    0.204383 
          1                 -6.988925   -1.181986    1.765660 
          1                 -8.186829    0.521035   -1.330332 
          1                 -6.614847    1.043349   -1.970955 
          1                 -7.065283   -0.683711   -1.997296 
 --------------------------------------------------------------------- 
 
 
7. GS of (Ar2I-OTs)(Ar2I-At) 
  
 
     Atomic                         Coordinates (Angstroms) 
     Number                        X           Y           Z 
--------------------------------------------------------------- 
         53                  2.371447   -0.163550   -0.662075 
          6                  3.803611    1.146431    0.362280 
          6                  5.173267    0.934765    0.208183 
          1                  5.561723    0.119760   -0.405062 


 
Syntheses 
 
General. All reagents and solvents were obtained commercially and used without further purification 
unless otherwise noted. 1H NMR and 13C NMR spectra were recorded on a Bruker Advance 300 MHz 
instrument, and chemical shifts are reported in ppm on the Î´ scale relative to TMS. Electrospray 
ionization-mass spectra (ESI-MS) were acquired using an Agilent LC â MSD system equipped with a 
multimode ion.  Elemental analyses were performed by Galbraith Lab. Inc. (Knoxville, TN) using 
combustion analysis methods for C, H, and N.  
 
1. Bis(4-tert-butylphenyl)iodonium chloride. To Bis(4-tert-butylphenyl)iodonium tosylate (261 mg, 
462 Âµmol) in suspension in ACN (1 mL) at 60Â°C was added water dropwise until complete 
dissolution. A 10 M KCl solution (1 mL) was then slowly added and the solution was stirred for 5 min 
at 60Â°C, cooled to rt. Water (5 mL) was added and the solution left in the fridge at 4Â°C until a white 
precipitate formed. It was filtered, washed with ice-cold water and Et2O and dried in vacuo to afford a 
white solid (149 mg, 75 %). 1H NMR (DMSO-d6, 300 MHz, ppm): Î´ 1.25 (s, 18H), 7.78 (d, 4H, J = 
8.4 Hz), 8.07 (d, 4H, J = 8.4 Hz). 13C NMR (DMSO-d6, 75 MHz, ppm): Î´ 30.8, 34.8, 116.1, 128.4, 
134.6, 154.2. ESI-MS: m/z = 393.1 [M-Cl]+, 821.1 [2M-Cl]+.  Mp: 186 Â°C (decomp.). C20H26ClI, 
calculated: C, 56.02; H, 6.11. Found: C, 55.32; H, 5.97. 
2. Bis(4-tert-butylphenyl)iodonium bromide. To Bis(4-tert-butylphenyl)iodonium tosylate (251 mg, 
445 Âµmol) in suspension in ACN (600 ÂµL) at 60Â°C was added water dropwise until complete 
dissolution. A 4 M KBr solution (600 ÂµL) was then slowly added. A white precipitate formed 
immediately. After cooling to rt it was filtered, washed with ice-cold water and Et2O and dried in 
vacuo to afford a white solid (181 mg, 75 %). 1H NMR (DMSO-d6, 300 MHz, ppm): Î´ 1.25 (s, 18H), 
7.51 (d, 4H, J = 8.4 Hz), 8.11 (d, 4H, J = 8.4 Hz). 13C NMR (DMSO-d6, 75 MHz, ppm): Î´ 30.7, 34.9, 
114.6, 128.6, 134.8, 154.7. ESI-MS: m/z = 393.1 [M-Br]+, 865.1 [2M-Br]+. Mp: 212 Â°C (decomp.). 
C20H26BrI + Â½ H2O, calculated: C, 49.81; H, 5.64. Found: C, 49.84; H, 5.43. 
3. Bis(4-tert-butylphenyl)iodonium iodide To Bis(4-tert-butylphenyl)iodonium tosylate (462 mg, 
818 Âµmol) in suspension in ACN (1 mL) at 60Â°C was added water dropwise until complete 
dissolution. A 4 M KI solution (1 mL) was then slowly added. A white precipitate formed immediately. 
After cooling to rt it was filtered, washed with ice-cold water and Et2O and dried in vacuo to afford a 
pale yellow solid (354 mg, 83 %). It was crystallized from hot methanol, forming pale yellow needles 
that were used for crystallographic studies. 1H NMR (DMSO-d6, 300 MHz, ppm): Î´ 1.25 (s, 18H), 
7.51 (d, 4H, J = 8.7 Hz), 8.13 (d, 4H, J = 8.7 Hz). 13C NMR (DMSO-d6, 75 MHz, ppm): Î´ 30.7, 34.8, 
114.3, 128.7, 134.8, 154.7. ESI-MS: m/z = 393.1 [M-I]+.  Mp: 159 Â°C (decomp.). C20H26I2, calculated: 
C, 46.17; H, 5.04. Found: C, 46.14; H, 4.82. 
 
4. General method for the preparation of the aryl-4-methoxyphenyliodonium tosylates. 3-
chloroperbenzoic acid dried in vacuo for 1 h prior to use (1.77 mmol) was dissolved in CHCl3 (15 mL) 
and the iodoaryl was added (1.5 mmol). The solution was stirred at rt for 15 min. and turned slightly 
yellow and cloudy. 4-toluenesulfonic acid hydrate (1.77 mmol) and anisole (8.05 mmol) were then 
added and the solution was heated for 2 h 30 min at 40Â°C, turning bright yellow. The solvent was 
evaporated in vacuo and the oily residue was triturated in Et2O until it turned into a solid. The solid 
was redissolved in the minimum amount of MeOH and Et2O was added until the solution became 
cloudy. It was placed in the fridge at 4Â°C until the iodonium tosylate precipitates or crystallizes.  
4.1. Phenyl(4-methoxyphenyl)iodonium tosylate. White solid (47 %). 1H NMR (CDCl3, 300 MHz, 
ppm): Î´ 2.02 (s, 1H, broad), 2.30 (s, 3H), 3.78 (s, 3H), 6.83 (d, 2H, J = 9.0 Hz), 7.02 (d, 2H, J = 7.8 
Hz), 7.29-7.34 (m, 2H), 7.44-7.52 (m, 3H), 7.85-7.92 (m, 4H). 13C NMR (CDCl3, 75 MHz, ppm): Î´ 
21.5, 55.8, 104.1, 116.0, 117.7, 126.2, 128.7, 131.6, 131.8, 134.7, 137.6, 139.5. ESI-MS: m/z = 311.0 
[M-OTs]+, 793.0 [2M-OTs]+. Mp: 154 Â°C. C20H19IO4S, calculated: C, 49.80; H, 3.97. Found: C, 49.97; 
H, 3.88. 
4.2. 4-tolyl(4-methoxyphenyl)iodonium tosylate. Colorless crystals (77 %). 1H NMR (CDCl3, 300 
MHz, ppm): Î´ 2.04 (s, 1H, broad), 2.31 (s, 3H), 2.33 (s, 3H), 3.78 (s, 3H), 6.81 (d, 2H, J = 9.3 Hz), 
7.02 (d, 2H, J = 8.1 Hz), 7.11 (d, 2H, J = 8.4 Hz), 7.52 (d, 2H, J = 8.1 Hz), 7.79 (d, 2H, J = 8.4 Hz), 
7.85 (d, 2H, J = 9.3 Hz). 13C NMR (CDCl3, 75 MHz, ppm): Î´ 21.4, 21.5, 55.8, 104.1, 112.2, 117.6, 


 
          6                  6.058305    1.789862    0.868181 
          1                  7.128808    1.614213    0.742448 
          6                  5.605125    2.854182    1.672010 
          6                  4.217383    3.030539    1.786223 
          1                  3.812202    3.840448    2.392724 
          6                  3.303994    2.187946    1.136309 
          1                  2.230608    2.364380    1.230650 
          6                  3.398411   -1.939785   -0.013548 
          6                  3.310070   -2.337673    1.322569 
          1                  2.732566   -1.761971    2.048074 
          6                  3.979755   -3.493374    1.725451 
          1                  3.902525   -3.790869    2.773218 
          6                  4.734510   -4.270531    0.824363 
          6                  4.792288   -3.838333   -0.509759 
          1                  5.359927   -4.401498   -1.249967 
          6                  4.130505   -2.680547   -0.938258 
          1                  4.190317   -2.378172   -1.985020 
          6                  5.451626   -5.539552    1.321018 
          6                  4.405158   -6.526205    1.890110 
          6                  6.455516   -5.155880    2.433405 
          6                  6.225072   -6.250704    0.196035 
         53                 -2.379462   -0.145634   -0.653455 
          6                 -3.414825   -1.914691    0.002090 
          6                 -3.327671   -2.307907    1.335734 
          1                 -2.745135   -1.734395    2.058943 
          6                 -4.006135   -3.460540    1.748913 
          1                 -3.925582   -3.748452    2.796751 
          6                 -4.765306   -4.232063    0.853970 
          6                 -4.821005   -3.802264   -0.485866 
          1                 -5.396833   -4.369829   -1.219692 
          6                 -4.155125   -2.655330   -0.921788 
          1                 -4.213803   -2.355633   -1.969381 
          6                 -3.801073    1.176358    0.370862 
          6                 -5.168875    0.974055    0.221835 
          1                 -5.565205    0.161314   -0.389382 
          6                 -6.052640    1.835882    0.884888 
          1                 -7.120971    1.661281    0.758947 
          6                 -5.590667    2.893968    1.683856 
          6                 -4.196821    3.061481    1.793115 
          1                 -3.790608    3.872861    2.401136 
          6                 -3.290695    2.217900    1.144621 
          1                 -2.215767    2.386711    1.235219 
          6                 -6.540299    3.853738    2.425369 
          6                 -6.287801    5.300149    1.939335 
          6                 -8.021734    3.514154    2.180889 
          6                 -6.267370    3.767641    3.945327 
         85                 -0.015103   -2.285643   -2.222401 
         16                  0.005538    2.798327   -0.817095 
          8                  0.008608    2.778714    0.691223 
          8                  1.263608    2.202394   -1.427018 
          8                 -1.260630    2.213593   -1.421342 
          6                  0.011955    4.530841   -1.334596 
          6                  0.011234    4.838738   -2.700682 
          1                  0.006938    4.038221   -3.442367 
          6                  0.016180    6.173833   -3.098073 
          1                  0.015696    6.415244   -4.164769 
          6                  0.021843    7.217179   -2.152432 
          6                  0.022557    6.879413   -0.792162 
          1                  0.027080    7.673499   -0.040634 
          6                  0.017642    5.542781   -0.376538 
          1                  0.018278    5.279672    0.681797 
          6                  0.026536    8.657380   -2.604061 
          1                  0.908852    8.875546   -3.228902 
          1                 -0.862708    8.885306   -3.215555 
          1                  0.036602    9.349106   -1.749175 
          1                 -8.658417    4.225459    2.730113 
          1                 -8.290374    3.584859    1.114889 
          1                 -8.276307    2.502065    2.533588 
          1                 -6.957957    6.000167    2.465067 
          1                 -5.252524    5.623294    2.128739 
          1                 -6.478551    5.392475    0.857840 
          1                 -6.936610    4.452911    4.491287 
          1                 -6.444065    2.746828    4.321257 
          1                 -5.231101    4.044661    4.193421 
          6                 -5.519644   -5.504091    1.283545 
          6                 -5.337474   -5.813082    2.780537 
          6                 -7.029924   -5.318523    1.005952 
          6                 -4.991338   -6.709391    0.470877 
          6                  6.623754    3.767912    2.379279 
          6                  5.940962    4.868918    3.210732 
          6                  7.500787    2.917727    3.328073 
          6                  7.522670    4.447385    1.319830 
          1                  6.707666    5.493301    3.695787 
          1                  5.320772    5.531813    2.586766 
          1                  5.304089    4.449662    4.005762 
          1                  8.260575    5.102663    1.811403 
          1                  8.078370    3.711508    0.718239 
          1                  6.923771    5.064720    0.630813 
          1                  8.238217    3.557945    3.839784 
          1                  6.885873    2.423729    4.097779 
          1                  8.056179    2.136552    2.786285 
          1                  6.719210   -7.148235    0.599769 
          1                  5.559833   -6.577937   -0.618709 
          1                  7.008587   -5.607978   -0.235848 
          1                  4.904013   -7.439558    2.253721 
          1                  3.846346   -6.092785    2.733938 
          1                  3.677174   -6.819803    1.116647 
          1                  6.974774   -6.055778    2.801934 
          1                  7.216225   -4.454185    2.054650 
          1                  5.956878   -4.682836    3.293490 
          1                 -5.525416   -7.627885    0.764815 
          1                 -5.135667   -6.571524   -0.611845 
          1                 -3.915816   -6.867263    0.651851 
          1                 -7.584230   -6.223262    1.305063 
          1                 -7.434853   -4.466428    1.575586 
          1                 -7.233758   -5.139913   -0.061158 
          1                 -5.893815   -6.728022    3.037652 
          1                 -4.280858   -5.984669    3.040524 
          1                 -5.722274   -5.001946    3.418883 
 --------------------------------------------------------------------- 
 
 
 
 
 
 


 
8. TS of (Ar2I-OTs)(Ar2I-At) 
  
     Atomic                         Coordinates (Angstroms) 
     Number                        X           Y           Z 
--------------------------------------------------------------- 
         53                 -2.265761   -1.581792   -1.553806 
          6                 -3.914026   -0.408006   -2.272641 
          6                 -4.902383   -0.999237   -3.066857 
          1                 -4.854910   -2.056457   -3.334084 
          6                 -5.958888   -0.210555   -3.523170 
          1                 -6.719740   -0.683673   -4.147627 
          6                 -6.061742    1.156745   -3.197296 
          6                 -5.053437    1.705051   -2.387898 
          1                 -5.087958    2.756363   -2.102166 
          6                 -3.977171    0.940536   -1.918668 
          1                 -3.213747    1.391473   -1.278338 
          6                 -2.645713   -2.106720    0.997498 
          6                 -3.421968   -3.226034    1.230537 
          1                 -3.371186   -4.123148    0.615216 
          6                 -4.271446   -3.160495    2.343403 
          1                 -4.879037   -4.042891    2.558961 
          6                 -4.349954   -2.019547    3.165331 
          6                 -3.544804   -0.922506    2.824347 
          1                 -3.576930   -0.002232    3.408733 
          6                 -2.676091   -0.934293    1.715049 
          1                 -2.102973   -0.045404    1.442747 
          6                 -5.303970   -2.011191    4.375811 
          6                 -4.908600   -3.148102    5.346866 
          6                 -6.754857   -2.233949    3.889187 
          6                 -5.253312   -0.679684    5.146865 
         53                  2.267064   -0.081546    0.340116 
          6                  3.778461   -1.481596   -0.289527 
          6                  4.122172   -1.562651   -1.637882 
          1                  3.646467   -0.922795   -2.383479 
          6                  5.099134   -2.482523   -2.035730 
          1                  5.353490   -2.526785   -3.094336 
          6                  5.735693   -3.329718   -1.113701 
          6                  5.354458   -3.220372    0.237437 
          1                  5.819315   -3.858977    0.991246 
          6                  4.384476   -2.309282    0.659291 
          1                  4.109669   -2.256263    1.714276 
          6                  3.619305    1.618872    0.189624 
          6                  4.867380    1.548950    0.798011 
          1                  5.190557    0.665589    1.350897 
          6                  5.727385    2.648774    0.682651 
          1                  6.703042    2.579936    1.162981 
          6                  5.355537    3.806071   -0.020075 
          6                  4.075824    3.824432   -0.607099 
          1                  3.741057    4.704643   -1.160150 
          6                  3.194080    2.744274   -0.512726 
          1                  2.199096    2.794023   -0.960496 
          6                  6.283294    5.027276   -0.161945 
          6                  5.596278    6.265131    0.460845 
          6                  7.635162    4.818510    0.544143 
          6                  6.554313    5.289911   -1.661878 
         85                  0.126961   -3.143738    0.617194 
         16                 -0.481936    2.475021    0.298247 
          8                 -0.007106    2.650223   -1.119431 
          8                 -1.862634    1.878255    0.415991 
          8                  0.531079    1.747141    1.183657 
          6                 -0.598688    4.135125    1.018687 
          6                 -0.639041    4.290408    2.409239 
          1                 -0.551228    3.415811    3.055837 
          6                 -0.774913    5.567199    2.952046 
          1                 -0.802713    5.687285    4.038910 
          6                 -0.870931    6.704126    2.128135 
          6                 -0.821887    6.521356    0.738785 
          1                 -0.887834    7.391213    0.079481 
          6                 -0.684653    5.245976    0.179754 
          1                 -0.636891    5.106454   -0.901127 
          6                 -1.016029    8.078837    2.734930 
          1                 -1.919853    8.143421    3.363836 
          1                 -0.157248    8.320949    3.383517 
          1                 -1.085513    8.857027    1.960843 
          1                  8.261181    5.715121    0.413650 
          1                  7.513918    4.654953    1.626755 
          1                  8.190731    3.963775    0.126627 
          1                  6.247095    7.149587    0.363052 
          1                  4.640325    6.497689   -0.033275 
          1                  5.393823    6.107330    1.532584 
          1                  7.214470    6.164818   -1.780633 
          1                  7.047872    4.423914   -2.131982 
          1                  5.626468    5.493807   -2.218333 
          6                  6.810201   -4.352413   -1.527061 
          6                  7.093057   -4.322264   -3.039899 
          6                  8.127427   -4.037754   -0.779894 
          6                  6.331414   -5.774098   -1.150047 
          6                 -7.249646    1.982525   -3.725247 
          6                 -7.190954    3.450498   -3.265433 
          6                 -7.241050    1.958254   -5.271834 
          6                 -8.570831    1.365312   -3.209453 
          1                 -8.057845    3.997585   -3.668191 
          1                 -7.223748    3.540410   -2.168058 
          1                 -6.282440    3.958980   -3.625195 
          1                 -9.431749    1.943998   -3.582933 
          1                 -8.697698    0.324364   -3.544877 
          1                 -8.606768    1.372819   -2.108001 
          1                 -8.089141    2.542325   -5.665734 
          1                 -6.311204    2.397037   -5.668592 
          1                 -7.327977    0.934736   -5.668115 
          1                 -5.945710   -0.722178    6.002388 
          1                 -4.247273   -0.472522    5.544976 
          1                 -5.556474    0.172406    4.517947 
          1                 -5.584661   -3.158550    6.217878 
          1                 -4.967463   -4.137384    4.866898 
          1                 -3.878966   -3.012132    5.715571 
          1                 -7.449028   -2.234557    4.745889 
          1                 -7.066505   -1.434144    3.197978 
          1                 -6.869868   -3.196124    3.366195 
          1                  7.092210   -6.518393   -1.437133 
          1                  6.156078   -5.876429   -0.067953 
          1                  5.393514   -6.026471   -1.670684 
          1                  8.906114   -4.764926   -1.062822 
          1                  8.494190   -3.029683   -1.032392 
          1                  8.004061   -4.089524    0.312912 
          1                  7.866098   -5.067469   -3.284355 
          1                  6.197455   -4.568880   -3.631951 
          1                  7.465048   -3.339452   -3.370365 
 --------------------------------------------------------------------- 
 
 
9. (Ar2I-OTs)2 
 
     Atomic                         Coordinates (Angstroms) 
     Number                        X           Y           Z 
--------------------------------------------------------------- 
          6                  3.636316   -8.346323    3.928412 
          6                  2.695127   -9.222408    3.358198 
          6                  1.894280   -8.745046    2.309663 
          6                  2.026889   -7.436633    1.833913 
          6                  2.976948   -6.592348    2.410831 
          6                  3.779916   -7.038645    3.465566 
         16                  3.208820   -4.913246    1.776702 
          8                  1.874168   -4.530477    1.152737 
         53                  1.020573   -1.943565    1.005410 
          6                  0.211015    0.043446    0.876633 
          6                  0.933958    1.107157    1.421008 
          6                  0.382458    2.387507    1.359335 
          6                 -0.868747    2.636442    0.762001 
          6                 -1.548501    1.542108    0.203855 
          6                 -1.017963    0.247026    0.250482 
          6                 -0.148726   -2.496053    2.742423 
          6                  0.533002   -3.063665    3.819964 
          6                 -0.202832   -3.421463    4.951922 
          6                 -1.595144   -3.228269    5.035530 
          6                 -2.235125   -2.662339    3.921701 
          6                 -1.525039   -2.297534    2.770521 
          8                  3.603854   -4.057378    2.945194 
          8                  4.305026   -5.022794    0.725470 
          1                 -1.569005   -0.578344   -0.204438 
          1                 -3.312009   -2.496081    3.925549 
          1                 -2.060662   -1.862511    1.926108 
          1                  1.608641   -3.246896    3.777752 
          1                  0.338706   -3.863440    5.791027 
          1                  0.956442    3.211492    1.787860 
          1                 -2.512469    1.678797   -0.285309 
          1                  1.388376   -7.063188    1.031905 
          1                  1.147650   -9.405102    1.859938 
          6                  2.552103  -10.633597    3.874499 
          1                  4.500629   -6.358099    3.921575 
          1                  4.263652   -8.694168    4.754030 
          1                  2.273084  -10.640475    4.941613 
          1                  1.783504  -11.191236    3.319778 
          1                  3.502419  -11.186700    3.788705 
          1                  1.924348    0.948332    1.846539 
          6                 -2.352419   -3.636772    6.312858 
          6                 -1.433334    4.068824    0.733485 
          6                 -3.861264   -3.347973    6.214590 
          6                 -1.784514   -2.848059    7.516030 
          6                 -2.162883   -5.152365    6.556186 
          6                 -2.805364    4.142073    0.039448 
          6                 -0.452803    4.990004   -0.029440 
          6                 -1.595054    4.579399    2.184657 
          1                 -2.695888   -5.459496    7.471063 
          1                 -1.102308   -5.419612    6.682037 
          1                 -2.562799   -5.740814    5.714558 
          1                 -2.313798   -3.132595    8.440320 
          1                 -1.909552   -1.762684    7.371610 
          1                 -0.712804   -3.047545    7.670066 
          1                 -4.356645   -3.654694    7.149140 
          1                 -4.335035   -3.905518    5.391051 
          1                 -4.067012   -2.275754    6.067782 
          1                 -3.167256    5.182136    0.048465 
          1                 -3.560318    3.524927    0.552001 
          1                 -2.753086    3.819641   -1.012606 
          1                 -0.844054    6.020321   -0.055602 
          1                 -0.317298    4.648471   -1.068301 
          1                  0.539060    5.020719    0.446945 
          1                 -1.994634    5.606837    2.182506 
          1                 -0.635853    4.595240    2.724810 
          1                 -2.293156    3.943042    2.752332 
          6                  2.218759    2.148942   -3.606693 
          6                  2.656618    3.428317   -3.233824 
          6                  3.456362    3.547441   -2.082627 
          6                  3.811633    2.427812   -1.331282 
          6                  3.372653    1.161236   -1.732694 
          6                  2.570096    1.016300   -2.864598 
         16                  3.916690   -0.289795   -0.793347 
          8                  2.855315   -1.371045   -1.085514 
         53                  3.993637   -3.920276   -1.760267 
          6                  4.845374   -5.820620   -2.349847 
          6                  5.817223   -5.857883   -3.350746 
          6                  6.360148   -7.092644   -3.709633 
          6                  5.961671   -8.292254   -3.088409 
          6                  4.989941   -8.202729   -2.079876 
          6                  4.426709   -6.977231   -1.701001 
          6                  3.810612   -3.238145   -3.796076 
          6                  4.477644   -2.073261   -4.178408 
          6                  4.348400   -1.639754   -5.500478 
          6                  3.574012   -2.337888   -6.446542 
          6                  2.913938   -3.499323   -6.011509 
          6                  3.019862   -3.954687   -4.692343 
          8                  5.257293   -0.682820   -1.353688 
          8                  3.944684    0.117545    0.651266 
          1                  3.696196   -6.935752   -0.895185 
          1                  2.294820   -4.075180   -6.698859 
          1                  2.492286   -4.860762   -4.388711 
          1                  5.057704   -1.500959   -3.451692 
          1                  4.872234   -0.726516   -5.790288 
          1                  7.118604   -7.107199   -4.495017 
          1                  4.646549   -9.097297   -1.560964 
          1                  4.420406    2.528599   -0.431288 
          1                  3.801575    4.536297   -1.767474 
          6                  2.279913    4.651338   -4.034871 
          1                  2.218712    0.025377   -3.153130 
          1                  1.587802    2.033933   -4.492296 
          1                  1.665128    4.388831   -4.908245 
          1                  1.709291    5.369195   -3.421815 
          1                  3.176269    5.182082   -4.397351 
          1                  6.151863   -4.950526   -3.855832 
          6                  3.472041   -1.815508   -7.891783 
          6                  6.592236   -9.628025   -3.523829 
          6                  2.593323   -2.716643   -8.778063 
          6                  4.886986   -1.754887   -8.513522 
          6                  2.855118   -0.397168   -7.878466 
          6                  6.033616  -10.822567   -2.729760 
          6                  8.121431   -9.568205   -3.299687 
          6                  6.301574   -9.863571   -5.024606 
          1                  2.782441   -0.005361   -8.906385 
          1                  3.462270    0.310404   -7.293026 
          1                  1.841284   -0.411593   -7.446557 
          1                  4.830533   -1.378936   -9.548315 
          1                  5.350990   -2.754196   -8.538594 
          1                  5.555719   -1.085116   -7.951203 
          1                  2.554698   -2.304292   -9.798502 
          1                  1.557924   -2.776880   -8.406861 
          1                  2.993703   -3.740407   -8.849877 
          1                  6.513042  -11.751535   -3.076174 
          1                  4.947204  -10.938914   -2.869995 
          1                  6.233595  -10.729715   -1.650495 
          1                  8.587719  -10.517466   -3.610855 
          1                  8.358958   -9.403886   -2.236189 
          1                  8.591775   -8.759619   -3.880321 
          1                  6.750599  -10.815209   -5.353444 
          1                  6.717770   -9.062684   -5.655170 
          1                  5.217101   -9.914747   -5.213969 
 --------------------------------------------------------------------- 
 
 
10. Ar2I-OTs 
 
  
      Atomic                         Coordinates (Angstroms) 
      Number                        X           Y           Z 
 --------------------------------------------------------------- 
          53                 -0.297797   -1.084338   -0.128269 
           6                 -2.447629   -1.271853   -0.094332 
           6                 -3.144913   -1.099447    1.102192 
           1                 -2.627594   -0.826509    2.024258 
           6                 -4.532594   -1.276857    1.114029 
           1                 -5.055343   -1.132916    2.059147 
           6                 -5.241961   -1.634293   -0.045209 
           6                 -4.502294   -1.808457   -1.230616 
           1                 -5.008930   -2.088002   -2.156462 
           6                 -3.117717   -1.633162   -1.267941 
           1                 -2.577981   -1.777953   -2.206332 
           6                 -0.318685    1.091497   -0.132589 
           6                 -1.282713    1.739837   -0.892321 
           1                 -2.016734    1.196037   -1.487647 
           6                 -1.299622    3.140983   -0.875223 
           1                 -2.057928    3.641737   -1.476274 
           6                 -0.377623    3.882019   -0.120023 
           6                  0.576694    3.162663    0.624684 
           1                  1.314902    3.695630    1.227618 
           6                  0.627986    1.765915    0.632233 
           1                  1.395237    1.242689    1.206702 
           6                 -0.378612    5.421512   -0.083480 
           6                  0.983415    5.944340   -0.596996 
           6                 -1.490529    6.024943   -0.960454 
           6                 -0.596421    5.895595    1.372579 
          16                  3.070316   -1.113956    0.964864 
           8                  3.106311    0.015663    1.958026 
           8                  2.677720   -2.448788    1.521654 
           8                  2.228180   -0.742685   -0.275314 
           6                  4.745104   -1.276877    0.298974 
           6                  5.189438   -2.524699   -0.148836 
           1                  4.532070   -3.391325   -0.063939 
           6                  6.472110   -2.642744   -0.684262 
           1                  6.819784   -3.619290   -1.033312 
           6                  7.328376   -1.530766   -0.775245 
           6                  6.861614   -0.292972   -0.306375 
           1                  7.515248    0.582038   -0.357786 
           6                  5.578796   -0.159564    0.232844 
           1                  5.225404    0.800708    0.611212 
           6                  8.714108   -1.677054   -1.356028 
           1                  9.312104   -2.404301   -0.781456 
           1                  8.673289   -2.046108   -2.394634 
           1                  9.255138   -0.719565   -1.357593 
           1                 -1.450380    7.123810   -0.900893 
           1                 -1.376228    5.747143   -2.020314 
           1                 -2.493255    5.712524   -0.628077 
           1                  0.999579    7.046306   -0.572640 
           1                  1.821738    5.584567    0.019322 
           1                  1.164073    5.623302   -1.635625 
           1                 -0.596044    6.997085    1.416266 
           1                 -1.562823    5.538976    1.764204 
           1                  0.196047    5.534548    2.046183 
           6                 -6.768148   -1.837768   -0.057215 
           6                 -7.397957   -1.612262    1.329108 
           6                 -7.405864   -0.837761   -1.050258 
           6                 -7.085742   -3.283379   -0.506606 
           1                 -8.176294   -3.442880   -0.523320 
           1                 -6.702348   -3.495219   -1.516679 
           1                 -6.643977   -4.018737    0.185120 
           1                 -8.499505   -0.973695   -1.073612 
           1                 -7.197747    0.202649   -0.752489 
           1                 -7.030102   -0.978617   -2.075505 
           1                 -8.486130   -1.769569    1.268211 
           1                 -7.004004   -2.315017    2.080371 
           1                 -7.232503   -0.586735    1.695669 